jpegimagecompressor
Before level shift

ans =

   99   99   99   99   99   99   99   99
   99   99   99   99   99   99   99   99
   99   99   99   97  104  111  110  109
   99   99   99   88  154  197  185  186
   99   99   99   89  150  193  182  182
   99   99   99   89  151  193  182  183
   99   99   99   88  155  196  184  183
   99   99  100   88  157  200  188  188

After level shift the first matrix

ans =

    -29    -29    -29    -29    -29    -29    -29    -29
    -29    -29    -29    -29    -29    -29    -29    -29
    -29    -29    -29    -31    -24    -17    -18    -19
    -29    -29    -29    -40     26     69     57     58
    -29    -29    -29    -39     22     65     54     54
    -29    -29    -29    -39     23     65     54     55
    -29    -29    -29    -40     27     68     56     55
    -29    -29    -28    -40     29     72     60     60


ans =

  -32.8750 -200.0640   31.0549   69.2682  -34.3750  -33.0216   24.3439   12.6524
 -128.1472  127.9507  -18.7630  -44.6289   21.3528   21.7266  -15.3726   -8.8300
  -49.0938   50.3015   -9.1757  -16.6560    8.8705    7.5696   -6.3007   -1.8500
    7.5792   -7.7979    1.4167    2.2947   -0.8523   -1.0511    0.7991   -0.2423
   36.6250  -36.4657    5.5577   12.1423   -5.8750   -6.1466    4.5982    2.2864
   14.6555  -14.7543    1.7323    6.0408   -2.3735   -3.1843    1.6450    1.5504
  -14.9777   14.6980   -1.3007   -5.9847    2.1436    3.0955   -1.5743   -1.4353
  -22.4057   22.2619   -3.3420   -7.0750    2.7179    4.3677   -2.7819   -1.5611


ans =

    -2   -18     3     4    -1    -1     0     0
   -11    11    -1    -2     1     0     0     0
    -4     4    -1    -1     0     0     0     0
     1     0     0     0     0     0     0     0
     2    -2     0     0     0     0     0     0
     1     0     0     0     0     0     0     0
     0     0     0     0     0     0     0     0
     0     0     0     0     0     0     0     0


ans =

  Columns 1 through 15

    -2   -18   -11    -4    11     3     4    -1     4     1     2     0    -1    -2    -1

  Columns 16 through 30

    -1     1    -1     0    -2     1     0     0     0     0     0     0     0     0     0

  Columns 31 through 45

     0     0     0     0     0     0     0     0     0     0     0     0     0     0     0

  Columns 46 through 60

     0     0     0     0     0     0     0     0     0     0     0     0     0     0     0

  Columns 61 through 64

     0     0     0     0


ans =

   -32  -198    30    64   -24   -40     0     0
  -132   132   -14   -38    26     0     0     0
   -56    52   -16   -24     0     0     0     0
    14     0     0     0     0     0     0     0
    36   -44     0     0     0     0     0     0
    24     0     0     0     0     0     0     0
     0     0     0     0     0     0     0     0
     0     0     0     0     0     0     0     0


ans =

   -32  -198    30    64   -24   -40     0     0
  -132   132   -14   -38    26     0     0     0
   -56    52   -16   -24     0     0     0     0
    14     0     0     0     0     0     0     0
    36   -44     0     0     0     0     0     0
    24     0     0     0     0     0     0     0
     0     0     0     0     0     0     0     0
     0     0     0     0     0     0     0     0


ans =

    95   108   103   100   108    97    90   106
    95   102    91    86    97    90    80    91
   102   105    90    91   117   125   117   123
   102   104    91   102   149   177   177   180
    97   100    86    99   155   194   195   194
   103   108    92    98   150   188   186   178
   101   111    98   102   152   190   187   178
    82    99    92    99   152   195   196   188

diary off
